Bytes: 4.77670941e+08
PacketReadingErrors: 0
Packets: 2.779066e+06