BytesIn: 1.56172174e+09
BytesOut: 9.7982497e+07
ItemDrops: 0
PayloadFulls: 0
TotalCalls: 52141
TotalCompressCycles: 0
TotalItems: 8.177455e+06
TotalPayloads: 52141
WriteItemErrors: 0