AllocatedBytes: 1.78575521e+08
Allocations: 9.779821e+06
FreedBytes: 1.78575388e+08
Frees: 9.779817e+06
InuseBytes: 133
UntrackedFrees: 0